4368
3988
3584
4720
2926
734
2318
2185
2975
1997
743
3035
43
4416
4392
88
2751
2758
3019
561
3924
2297
1895
1105
2333
955
1465
969
560
2585
3202
4810
962
840
4495
4100
3226
1319
2421
4936
2174
3700
4733
2394
1431
2581
2192
4682
523
247
1173
1819
2406
4502
2465
171
2932
2402
620
2158
1812
3068
359
2248
1542
2649
426
4834
792
4039
4876
4552
2787
4352
1882
2303
4332
4068
2814
3094
901
3582
3301
2721
87
4572
2222
2551
1563
1671
3742
546
1462
167
572
2007
1536
3132
2348
4918
2182
1693
4127
1034
635
1550
1854
18
4554
1420
1435
4945
3470
2482
3488
3162
4574
422
2643
4984
1432
3704
4278
3328
1500
3633
4725
4656
1703
1447
3100
2257
2995
1940
2343
2913
1878
2091
3341
2962
617
3135
4462
169
4369
3730
261
3698
4088
4974
2813
3800
2799
1014
3116
4589
786
1260
2080
3892
1311
2927
3160
2408
567
218
2754
3224
3886
971
4289
3909
1513
3464
2290
2192
3842
2431
678
4531
3866
4900
2771
1685
4785
3097
1011
3476
3171
4230
941
4050
4518
1659
4700
1788
435
1549
3548
2727
4254
3051
4505
2552
2586
4529
1727
2850
3827
592
4600
2334
4078
876
1688
33
350
4409
635
952
2326
937
4538
152
2766
2880
917
779
1624
1445
1866
33
2698
3213
4672
2286
4805
4098
629
3019
647
3316
1287
4285
2050
3370
3842
1661
3651
3037
4589
1898
4348
4138
3239
1008
4850
2434
2139
822
576
1550
1247
4406
2067
1831
3147
154
998
1072
4274
4178
3486
4979
4342
1489
2970
3731
3756
4031
107
3761
2408
684
1918
2708
1507
1201
374
4346
4485
1359
1263
3731
583
2146
4720
4872
403
2375
3821
1583
196
737
1581
3569
1337
1557
2149
4489
999
2306
4126
1218
3958
4030
2025
1053
1465
3996
2104
4272
3885
1902
1260
2192
886
3770
4202
4801
412
1034
4923
3388
2554
236
3149
3534
4037
1468
4692
3560
719
4842
2123
3172
1997
3289
1
3031
2357
2481
570
4768
853
1116
2234
2294
4749
1671
4781
2481
2590
4572
4380
2271
4868
3565
4392
4000
3384
1884
1675
1659
3520
4404
4196
1563
2199
1776
3815
4781
672
3056
2645
4289
670
4127
2098
2808
3191
4449
4490
4977
2746
620
3662
3344
3697
3630
2003
1663
515
2360
2820
1248
3073
4964
46
1122
455
2463
3462
4530
4199
1542
4157
1450
3449
3250
429
498
609
4265
2431
2550
490
3115
2896
4404
2618
2392
1366
833
1592
52
4548
4551
4620
577
4958
905
4926
1928
2518
3750
1322
1696
3046
2759
3459
3919
4613
834
1669
4795
4933
597
4426
1923
1157
28
237
4189
890
3607
270
37
606
124
2086
2683
762
311
4673
1498
543
2144
3951
787
611
2677
3879
877
3710
2777
809
4245
4984
3601
364
4903
141
2184
3851
23
1677
3670
574
967
365
808
1644
1895
4453
934
2041
1263
1640
2564
4240
876
43
2093
1458
4481
3155
3728
4756
660
1458
2366
4707
2674
1769
3082
2604
3982
2215
222
1197
3852
327
3536
4764
2256
3843
145
1904
4165
2294
3954
979
1886
4809
899
3458
2225
1223
1892
4287
4378
2052
133
938
25
4189
4525
569
4096
240
3152
2701
2115
103
381
142
338
2019
4480
3128
2558
182
1846
1705
588
1841
27
467
4944
4249
459
4014
4101
1360
103
4328
3062
4284
1059
3738
4100
54
2407
3985
2641
3261
4035
781
446
3937
4921
2840
4582
4821
1435
160
1047
3045
3291
3577
3496
1690
1173
819
620
2296
442
1891
2201
379
420
1459
2936
4770
2761
4081
3239
4331
1229
4608
21
4314
466
2577
3007
1565
568
2973
2837
954
2325
1511
229
4326
1919
2162
1695
4361
1013
2332
4687
3533
639
4544
424
3413
969
3900
1055
2810
4433
1401
3616
4516
2906
2242
1040
2766
2847
960
3224
2341
1610
4423
4864
560
201
976
4848
62
1410
3817
1527
1471
2874
1185
3390
1874
2787
2066
2921
263
4148
4892
4845
207
1033
4629
555
3074
869
4786
4362
3049
3334
2287
528
815
1600
4400
380
3718
57
2260
1275
3655
873
3934
950
1049
3169
1012
4214
4848
4538
3569
2151
3208
960
3194
1073
1438
2819
3597
3971
422
1958
1872
4420
2514
789
2541
2370
4403
3566
1387
679
267
2585
1989
1477
4555
2027
896
112
2254
3638
2477
2567
2913
307
3553
275
4352
3447
1415
1051
4621
1342
4441
4311
569
3863
474
2122
1622
20
708
1891
248
4152
2080
1199
3944
3245
2728
848
642
2619
2069
1300
3926
3315
2314
4017
1169
1617
2359
4343
1327
2833
4587
177
2056
3214
1126
1022
92
4402
2651
3356
3834
184
3187
2123
2215
4828
1273
4394
895
4428
4846
1994
4755
126
2773
3453
2035
635
4174
3435
2876
3361
2582
4805
3592
3568
365
1440
3102
3875
3388
4029
2268
4657
2585
3716
4019
4988
1086
1396
4099
383
287
2988
2542
3672
1267
4818
4994
2053
4877
2861
3293
948
2528
3892
4407
2721
223
4986
1012
4071
4953
1191
3810
3484
2717
4623
2588
3897
2510
1038
4271
2293
1600
2169
17
2040
4153
1516
3469
1268
4835
3362
3756
2800
1085
1252
4568
3593
4016
3225
1204
4188
1528
3526
738
2502
1381
493
2004
4730
4421
867
1555
2890
104
4804
2340
3866
4451
2455
2227
1412
1679
1244
4550
188
1881
999
4581
2076
4471
1551
4566
343
4531
491
725
2183
4323
2236
677
4124
622
2126
2140
4661
3102
1690
3861
1658
4449
216
2698
3238
2896
4531
3280
2858
4760
4302
1171
706
1793
3956
2410
1891
1468
2914
1533
894
268
3313
4515
1528
4361
2333
2585
4163
4159
1379
3537
2346
3911
2510
1600
91
1163
2983
150
3741
2183
3773
3964
2992
3575
3532
602
122
2427
3978
4254
321
2729
275
4141
117
687
3464
2596
2441
3053
221
3417
52
619
4746
901
1241
1748
4566
3036
2497
731
4348
4778
2205
3653
3714
3603
376
1859
4256
2402
3389
3383
404
4555
4471
3055
419
4064
4839
796
139
4645
3689
1270
4994
4586
4818
4321
3411
2490
4327
3565
726
1160
1045
2479
1168
344
488
1420
2065
2499
489
2472
2331
1375
1229
337
3646
1643
3852
1364
843
4812
4088
4243
1653
4391
3840
3615
4826
150
4096
194
795
1900
4107
4959
3577
2308
4663
4594
180
4538
848
4608
2801
1306
4269
1387
2359
3201
1212
1391
1370
887
961
3428
212
3931
4912
2508
4766
2882
4700
4954
3740
1048
3470
1524
3181
2937
3226
759
70
595
3342
3254
1425
1806
3534
3890
3818
3943
3686
4378
3922
1855
3678
1227
1587
3529
3882
4049
1536
2903
3678
3121
4074
2238
2081
2074
4139
1636
4863
675
232
3307
132
4346
3863
3262
2627
755
3600
3155
4601
4978
1641
3830
806
4129
4175
2292
86
2564
1257
4721
3166
3028
1255
2792
2649
614
127
4768
3595
774
3247
3480
4943
3146
3836
957
3808
4488
3506
1623
3079
2298
1777
1851
582
522
4630
1458
465
1650
1978
2921
3280
3770
2868
2333
699
200
2563
2737
3668
100
1584
2137
1750
2838
2362
1747
601
55
1463
4312
4678
893
33
2691
2385
4878
4363
1871
1660
2679
1755
4132
4054
3384
2676
2869
4535
196
453
563
2149
1465
2601
3625
3050
306
2809
742
4352
2526
4499
3078
1828
3456
2859
1227
920
1218
3028
3743
4870
1338
2847
494
451
940
4036
2788
2421
4698
4321
1448
184
3068
2344
4368
2956
3499
4183
2091
3601
874
3015
4586
329
4873
4737
4106
3802
2555
267
479
1699
2060
993
3254
1733
693
3972
2267
1091
1832
1568
4566
1448
2025
934
3763
1591
2142
941
1950
3403
2614
642
334
4533
1900
3137
2316
2741
1747
520
1344
4141
3607
2175
756
2878
1719
1346
965
2577
2057
2854
4250
1055
1176
324
3836
2297
927
1156
1611
2616
3239
4186
909
546
3621
2072
3368
416
1287
3201
1505
4508
2654
875
3257
3880
4118
1465
1798
59
3045
3172
4620
1215
570
4899
1069
1364
1979
964
4922
1789
2098
1287
1870
929
2171
1637
2201
3008
50
565
1652
3284
1580
3253
3332
1263
4968
249
608
2400
2914
768
2703
1660
4472
2058
2284
2978
2713
900
4744
1388
381
4999
4639
2880
1474
2230
2117
1158
3017
4252
3707
715
2652
3745
2979
2918
4380
3676
2780
3021
2666
3261
1681
201
551
1801
1668
4711
1042
1099
4375
2191
4877
942
486
1899
1154
1598
3759
2249
2371
4118
100
3362
1602
3755
233
1790
835
4144
4538
480
3398
1035
526
278
3169
4281
1726
1148
2691
2305
4386
3164
37
3811
4321
3523
3036
2240
2402
4668
4088
98
4134
1251
1822
1697
1379
4627
3082
4356
2208
3646
407
3684
2660
864
4978
4083
1489
1141
219
1301
4765
458
3797
4523
4162
4530
4640
144
3460
1592
4288
4393
3238
3012
729
2943
3484
4
4523
4527
3543
1516
1689
3961
4587
3308
648
709
4457
3820
1782
23
1073
375
2256
982
3673
586
361
1892
2212
1841
521
1489
4900
1422
3998
2360
2112
1747
2851
1235
3041
1177
3909
4105
2760
844
3527
1415
666
3730
4540
2742
4675
2951
3644
3059
731
2216
469
2967
2125
4080
177
2360
3069
4990
2259
3288
3562
2706
2620
2684
174
74
3284
176
4231
2017
4495
2255
1751
3931
2860
2693
1049
2977
2212
2313
3270
4725
1843
1927
1492
2189
2706
3345
1870
3061
2268
4963
434
3257
193
4220
2875
4136
1563
4652
3080
2655
2796
626
2308
3260
329
3543
3987
1389
2013
2316
245
2066
455
2101
4804
4563
2864
372
3110
225
4876
528
4614
537
3548
866
2117
4499
645
4107
1245
632
4986
68
2241
1993
3726
2902
376
534
612
2895
105
1103
353
4974
4408
2479
3698
3399
4756
1208
4572
4664
571
1112
4712
2775
1999
4176
2735
4744
2120
4446
4311
431
855
4919
1484
4480
4077
2770
1189
2214
1113
1528
389
4434
1285
3386
2673
63
2849
153
2682
2714
4443
1487
2027
431
3603
1051
1085
665
3565
4294
745
71
2801
4518
1559
4006
2008
18
3268
3024
510
4595
4455
1747
497
2107
4947
2662
856
3408
1229
4843
1837
3059
4204
2850
3934
1433
4246
4391
4148
4956
3633
4058
344
1087
1017
1114
236
2117
4681
3587
4485
2460
4191
2091
448
1044
4085
478
2926
2756
1332
2585
3808
1763
2248
1495
4566
3469
1687
4483
4913
158
4030
2617
2123
4095
1807
789
2307
3119
2293
2684
4961
1221
3639
3722
908
1306
4577
2437
2764
1329
2865
3041
3639
607
1547
198
3361
1604
2056
29
3080
4354
3513
4518
1838
4068
1530
2861
1685
2906
2157
4406
3789
4885
4103
3256
3881
2374
4166
3738
74
2541
2366
3654
1933
503
762
2335
942
97
4616
364
1794
4132
1438
3600
2877
3924
593
1856
3928
2630
2514
806
2218
3359
21
128
4574
147
1112
4124
4187
3390
1437
3939
4817
1298
3264
839
3527
4546
3563
1878
1834
1239
1241
2271
904
1183
2794
1339
2389
2943
1393
4667
1551
1271
4273
2803
154
3090
2975
4669
2974
337
274
2524
2503
1481
3408
756
22
3249
1404
2282
2542
177
4380
4823
2192
3125
3259
4340
3937
375
4948
383
3381
304
2917
2298
3882
3334
2576
4324
2788
891
180
3504
1065
121
858
1518
1680
2507
401
705
1212
1689
2628
3461
899
4333
1907
1163
2926
358
3190
2584
1057
4703
4217
1916
4747
423
1143
4348
420
4261
2973
481
4787
3009
3473
4135
2272
2289
1916
433
4322
2411
2303
190
1993
4294
416
3414
4091
3966
2687
2167
1243
3142
4626
958
1908
510
2727
2331
1525
2222
1437
2241
4228
1331
1844
1575
1680
801
577
373
3957
3793
761
4807
445
1157
3508
1910
475
116
1493
2709
1200
2425
3456
3128
3380
3249
4503
1734
2160
178
2984
1513
811
3860
1520
1400
2677
1202
2077
2339
2755
731
4752
4298
4039
4542
3056
231
4857
3650
18
4631
948
4192
4228
134
4879
3782
4182
4033
1250
19
472
3634
2566
808
1192
4590
1503
3674
1321
4035
2518
3718
869
3739
4579
4098
1127
4526
170
4380
4269
583
3060
253
1824
3446
1433
4466
4284
590
1444
3172
1839
1184
2939
2997
2408
1796
1928
2571
4677
2007
103
339
1645
2574
95
1017
4911
349
3493
4205
796
1779
3602
2928
3866
2667
3974
2102
3185
1622
4784
2268
1371
399
172
3434
4881
3670
1446
3815
2699
3534
2697
3551
2099
654
3956
3295
377
4334
2620
4253
605
809
4697
3190
53
4943
3276
4359
4791
3414
2391
2019
176
4055
797
234
4931
2193
415
3053
2401
808
8
765
2350
2938
3203
1980
1556
4035
2139
4965
3540
1867
4878
1583
1089
631
2981
1213
2315
3991
4038
1675
539
4556
789
2705
60
702
624
516
2911
3274
3882
2017
4740
3393
3124
4153
4530
2180
3241
886
1992
772
3201
1752
4648
4110
4636
820
3981
2166
2358
2726
1186
1293
403
3041
4076
2369
1908
4945
3718
312
4692
1970
2977
4829
1075
1204
131
4670
2169
3298
4402
514
4352
3666
191
1998
2228
1888
1309
736
1
3711
4976
600
2591
4434
2191
4178
3017
3244
2142
1574
2794
422
1013
4527
1198
895
2499
2184
4380
829
564
4804
3319
2671
397
1718
1723
1068
2524
3605
752
2142
3746
2745
4163
4850
3357
1681
4257
664
1950
399
4405
4422
4307
2868
3174
3254
3577
3732
920
1505
1657
1660
323
58
2409
2038
1544
2236
4856
2417
1371
2224
2010
1721
3904
3215
3849
767
2501
4021
2156
874
1876
3046
1641
949
2785
4423
2479
1709
74
3299
2670
1688
236
1644
1252
1324
3747
3700
2204
2720
2769
1799
211
4583
3249
4407
4116
491
4636
316
740
4120
777
3115
2153
1390
60
1763
4030
2266
689
489
1480
3126
3523
4207
3574
3717
935
264
4573
273
3079
2203
2523
1185
559
4699
4963
3702
2447
3610
3400
3076
2298
1213
2718
3699
4357
1318
2847
819
2869
3076
4736
3794
2959
3247
3437
1850
3537
937
951
4010
4001
3707
1194
1948
3384
4733
2051
4126
2036
2582
3300
148
1312
3307
4418
880
2439
2407
3051
168
2898
4752
579
1501
274
2498
1458
4698
1779
392
2522
4641
4958
3345
251
2826
2905
4656
3887
4905
3086
2599
2955
3808
4358
848
3335
373
792
1769
571
3237
1266
1797
1682
1004
3043
4230
4747
900
1490
4930
4391
1529
2260
4877
3142
1675
3821
2965
4729
666
3352
4698
2515
1320
1657
3484
2090
686
3017
3855
4125
2586
2486
162
457
873
1224
1798
1696
340
3215
517
2319
4200
650
934
3647
256
1147
4146
3083
4480
3591
2239
709
1949
4747
3584
4345
4363
1777
3509
1215
4442
4021
764
3652
86
181
2144
4679
3833
4372
3233
2290
1939
913
107
4754
4390
3819
1663
1751
4936
4823
1245
802
2967
2738
799
3333
1712
2374
2573
1175
2251
3453
598
233
2997
3879
1707
650
3784
1765
4641
4555
849
4202
4617
3805
1001
606
3940
16
330
3871
2407
3159
4655
1737
4058
1778
1206
4461
278
735
1984
2340
2461
3415
1167
4585
3603
1054
2153
1005
2191
4702
1113
2774
2333
3068
445
855
4693
2062
4294
4549
1483
3169
4582
2232
1586
1132
3536
166
2064
2249
1287
1687
2012
4965
2468
2240
4489
1957
3981
1423
4104
2147
4118
835
3209
3106
4982
4110
810
4662
4467
2434
3557
4523
2067
1975
2491
4548
3082
629
1376
3568
874
3604
4931
283
938
2860
2355
3848
1449
2154
1253
4213
1780
1184
1185
3
3296
1808
1166
385
3443
905
666
4558
3337
1042
3254
1544
1267
4974
798
771
208
3841
4386
3998
3381
3786
1117
4624
662
3847
4344
4935
4730
2009
1587
1045
2697
3060
4567
2209
1166
4326
1591
2215
954
2864
1911
8
4751
3212
193
2477
4507
1382
2539
2447
4853
4242
3758
2432
3683
2564
7
1872
1866
2632
4455
2123
4455
1105
2254
820
2734
1736
3868
1915
2888
3767
226
1145
1011
1952
1496
3125
1374
4645
1044
3802
2352
2359
4463
2631
1333
2869
1791
3439
319
3972
4616
4608
3650
2230
1599
4237
3866
3915
2290
2421
2122
4965
3593
393
3384
2650
1000
2494
72
2129
3926
3098
2059
804
1872
1860
3529
4732
4156
1949
1155
1463
3301
43
2210
3581
2291
3616
2452
4594
1667
749
1587
1956
4931
3631
747
1446
4531
1984
3871
65
1942
2344
62
3529
2523
2291
911
2976
1223
3042
3936
104
3676
1344
375
2425
565
4474
777
461
4066
3117
392
4169
1632
3419
1563
4204
511
2021
3069
3523
3719
4685
1453
86
4986
2277
1940
2855
4518
3510
3677
2551
373
220
3429
4383
4075
2030
2516
3429
510
919
4398
167
4941
4520
1102
653
3536
1445
4068
3669
4953
4741
4598
547
1904
4892
3750
4906
429
3102
3091
2401
2281
4575
4381
4989
472
3568
1728
3766
4479
2020
3422
1407
669
1366
4046
2843
502
1284
2083
4396
4110
4807
1817
2289
4581
1113
3256
2150
3792
4848
1874
3107
1683
4607
4413
1526
1531
1913
3960
2061
4372
274
4467
3858
2612
2591
2481
1624
4165
4532
1952
788
2522
3725
4128
2518
4772
250
4266
2591
2517
1930
3319
3382
4771
3111
4018
837
2971
4098
3169
407
2124
2056
4863
1714
121
3518
1206
1361
4721
4231
2642
3232
2001
1639
4233
4218
1787
1323
4507
1361
2059
1929
832
623
3315
4608
1249
3757
696
4059
1398
4844
4213
1544
2927
584
146
1112
1283
3448
589
684
730
1295
3474
2175
1442
3042
4880
4789
2885
2245
1400
4348
1807
4174
3969
4495
364
4052
2894
3719
2739
1185
4279
3943
3897
1595
3473
2080
1152
1141
3741
3350
108
714
2315
3800
157
484
4855
3531
1529
4110
158
1718
4778
3578
3088
4391
1902
4729
1462
4206
4605
2338
2625
875
2903
4193
2499
1074
1340
2077
965
3002
322
2595
451
1587
4480
1917
2832
4359
4305
2941
4029
4669
1878
598
623
4120
389
3435
3192
4530
4651
3116
4768
1319
3668
60
53
500
1762
2656
856
2689
3965
4517
4807
2415
4348
787
2751
3363
813
1554
3775
95
3676
1099
2653
3770
4495
2424
4804
3595
4740
481
4791
2779
2471
4467
756
4413
2537
3764
3290
4327
2294
1549
3523
2682
4725
233
4869
691
4939
2756
3803
2929
1954
127
840
4656
4246
745
2350
2748
1136
351
1037
4196
2927
4817
1068
4304
4975
4186
4471
1102
420
1768
2916
4276
113
4731
4137
1999
2900
58
4483
6
1605
4164
4813
1360
378
3062
4221
2033
1999
2187
4955
4583
1220
1210
1
4643
3511
2023
4052
2408
3565
1972
4884
591
1873
775
3088
408
2950
872
682
3670
3600
1943
2466
2965
344
1612
1036
970
277
1381
785
4097
3788
4738
4711
4035
1397
4417
123
1343
1788
848
3024
4277
2150
2032
4968
185
4581
865
2272
308
2910
2854
2522
1116
4814
2468
268
4769
3472
3369
187
1572
4230
940
4867
1069
3613
1886
3317
1062
1122
2558
2624
3902
3732
3467
783
439
356
551
4352
4696
3683
861
1892
4459
670
4865
3301
3721
2183
1608
1155
1955
1653
4737
517
1819
1186
3243
3415
590
1718
2381
4649
3433
3805
2078
956
3156
3088
1681
4289
4661
4505
277
4385
3012
4521
1360
4485
3115
142
4664
4423
668
3523
2314
273
4068
3405
670
3727
4343
4012
3584
4809
4550
28
4000
1144
4724
2466
3176
2518
30
3037
2218
2171
4868
4042
2353
742
988
4867
3873
3625
3884
452
1807
1179
1463
481
1691
2554
1947
432
506
2911
4500
2417
933
1679
4268
3902
4635
1865
4868
2161
2495
4333
1272
285
966
2351
3133
183
1916
403
3967
3208
1306
3375
127
4155
418
2480
382
2341
1821
2606
676
4496
3613
4735
4149
94
1460
3284
4175
1726
880
1312
1576
2374
4916
1230
4167
164
3333
2217
3157
3024
4016
4832
1481
769
4376
2749
793
2684
693
3551
383
3676
322
3247
4275
1457
827
3458
1539
1497
1178
418
287
3495
2664
3082
1957
3525
150
4598
1512
3741
2336
3635
2366
4823
372
3908
2950
4475
133
869
2926
2221
131
3120
4319
2034
4538
4701
4431
4714
2768
2730
2619
2812
3699
115
4177
2762
2677
960
4784
1517
2457
3023
3085
413
4807
1415
3350
3366
3304
4700
2843
2322
4767
862
3752
728
779
3976
4787
4491
698
3638
2484
4415
1750
4702
810
2175
2046
4942
4175
4570
4639
2114
3153
4518
1794
4561
1975
1018
3440
1221
2
4637
2926
1849
35
2522
3046
821
1778
1608
4659
4977
2138
4170
1095
2079
3481
999
2009
297
2628
2384
1231
4961
177
1640
2065
3294
1364
1419
3182
4247
659
216
3277
4220
1341
3728
1011
2918
2234
4858
2885
1453
1021
3909
976
535
1575
4732
1749
3934
2119
875
3969
1013
889
3804
652
2447
4764
4688
4767
360
4000
2554
4690
644
3598
4294
895
837
1401
40
4226
4569
4465
1496
4536
735
3215
1584
4946
2044
1077
4830
2443
2340
2555
3524
3132
4669
1456
3473
340
3393
2586
2435
3829
1065
3516
2480
4105
1709
2446
3923
3318
4662
2626
3217
241
4095
1811
3717
4601
2674
1898
1526
4554
3175
1247
3877
2375
1064
2957
3747
1125
3228
3409
420
4099
3765
527
3752
4194
2061
3346
3924
4655
272
2001
2654
1135
4262
2892
923
553
3151
4621
4969
3408
2683
4790
1297
353
636
2183
2141
3070
894
4623
2162
4865
1294
1066
2715
4347
4762
4180
380
4567
1813
2408
3114
1357
4616
62
2402
3664
1981
132
2046
3598
1764
722
4906
1812
3064
3462
2075
835
2942
3036
3863
1619
4534
2655
4468
3636
2300
3419
4115
502
1244
316
3218
685
1105
4562
3703
3122
3233
2019
4160
1535
2601
2856
283
1539
3373
3146
2517
2888
4632
3087
176
3339
3151
1024
396
2104
991
999
4932
3949
771
3826
2298
1089
4164
3526
2282
223
947
4148
577
3129
3498
356
1376
243
2835
243
4799
843
4485
4107
1134
4177
1744
607
1686
2118
3876
705
2262
499
2227
1210
1797
3796
4084
2068
4575
3421
4016
1964
1108
4879
215
749
143
2137
895
4073
4417
1906
3899
296
246
4922
669
1989
1227
3006
2407
4216
43
2883
1459
1259
4831
4942
61
2107
2356
2958
3477
4176
2687
630
2199
121
2426
337
3067
4414
2627
3543
1142
3130
1638
3036
2436
4462
3999
4899
1218
1097
2475
4000
3307
2856
2345
2248
932
145
3448
3388
669
1732
3157
3673
708
2895
1375
3208
2249
4837
2538
4169
1039
305
4103
3614
671
2473
2040
3097
4606
2191
1617
3340
2559
779
4672
4749
3211
886
623
3272
1026
417
2540
62
1960
4142
199
4931
1071
3463
1434
54
4664
1646
4511
4092
4257
573
730
570
2868
4664
230
974
3609
4456
4931
2249
2867
3980
1666
4759
2966
4815
4027
3348
478
4948
4475
4512
2740
4696
4412
4633
1063
1040
3031
3722
2590
682
1974
1663
1371
3263
3848
2697
3043
1977
2981
956
3346
4277
587
3038
4276
4997
4086
2452
3614
945
4180
666
2018
3783
1106
3623
4618
2323
899
1606
1120
1308
631
2915
1887
1233
2086
2482
4978
4551
2328
4154
1280
532
2041
1391
628
1820
411
464
3923
4338
3116
3155
1868
695
4234
4693
3453
3314
2424
768
4970
3448
4027
3595
1079
2579
2114
1372
3827
3464
62
1064
492
2181
1813
3870
4938
2144
4550
4906
4686
2287
1708
4717
1561
2387
1301
1301
2245
1427
3752
2394
4726
4102
4598
379
4483
1359
1462
2604
1870
905
4568
1479
429
4949
2279
1632
1909
2250
4486
3050
2988
4446
913
3273
4301
4839
1232
1558
1946
4390
2838
606
1005
1303
1282
925
2003
1637
4612
4865
4001
2622
3238
96
3129
3282
1656
2959
1432
466
2652
3207
2835
4499
4198
4995
2482
342
4794
1940
1032
1843
620
3048
4903
1029
2620
3332
4977
2432
1203
3713
3203
3090
1407
1709
3694
4210
907
2514
3293
3422
521
2301
3824
1450
2807
3949
1473
4502
4887
4333
4331
785
2674
181
309
2577
3233
1109
4858
1352
2518
2220
2068
245
3801
1269
222
1624
2000
1346
439
4643
4691
1036
1656
2642
2872
2908
2274
346
2220
904
2233
1712
1981
3232
3859
1915
2311
4373
3737
2215
1589
3174
2437
4311
723
1292
896
499
4132
2948
1032
510
2527
1528
1345
2501
171
3544
1815
304
2373
1833
148
4586
1163
497
108
4051
1013
153
641
3362
4594
2741
4272
3048
4403
1795
4392
111
1192
2621
3461
3977
3958
2861
2721
2161
3467
4046
1101
278
3924
807
4717
900
4847
2074
3809
2683
437
2888
3765
1245
951
4633
2263
781
4412
4346
1704
4724
4533
3300
4480
4687
1660
4340
3154
1058
3701
4016
2696
825
4176
3258
4886
3006
2168
2779
4111
2810
3775
4779
2163
1109
3161
1471
4285
4961
547
3016
4898
672
652
3194
4907
3939
3036
979
3166
2599
4576
723
3427
4368
4446
2632
1597
2455
191
887
470
1627
3592
574
886
2462
3443
2320
3794
4914
717
2008
2582
2512
1140
67
214
1970
2302
2679
3705
4959
3207
3360
4787
861
2101
2907
3365
2652
2859
4780
1359
1077
2255
1842
4937
3343
3699
2144
70
3576
1677
3382
3827
2565
1870
4784
3159
2295
1472
513
1872
3598
1209
1796
3617
3084
1186
829
2425
3629
786
954
1674
4253
3401
3758
360
4963
1833
2651
3429
4603
2506
136
1657
1009
2431
4676
2418
2897
1139
3772
2909
4829
2771
2734
4420
19
1043
3167
4604
4409
4455
2138
1967
1049
1164
142
2265
4584
86
2732
346
1827
3223
4278
764
2549
963
926
2174
2821
3018
2354
4245
4953
4992
3186
2302
929
4929
567
261
1007
2488
3223
772
2000
1227
837
3660
4720
691
4484
490
2529
2396
1655
3929
144
2551
2629
3818
1394
2527
439
314
1818
4485
4748
3047
3821
2901
4072
3632
3396
3687
741
2949
3990
2526
4635
2524
2617
2197
3700
3624
2340
2133
2538
3609
4784
4354
513
114
4704
1203
2016
2718
4358
470
2288
4192
3440
3659
725
1466
3660
3187
2196
108
920
2003
4292
124
2405
76
4486
3205
4007
4609
2120
349
795
4247
2403
4841
2991
2515
1068
83
1749
2331
2071
598
2066
910
4533
502
1895
2292
4260
3728
1859
1795
863
4777
2674
1338
1567
50
2359
608
2476
3198
168
4051
4101
2545
4727
467
1158
883
3749
4972
964
2208
276
711
4675
2484
2975
883
554
4819
1776
4269
3546
1655
2069
4797
1311
1636
2134
165
4461
1964
715
1265
2120
4376
369
880
3638
118
4490
4249
3061
2587
2772
902
3067
3376
2707
2739
2676
2926
760
924
2729
1288
1608
1382
4074
55
979
1253
4498
2187
4645
4972
2493
2408
3929
3744
617
2095
832
1765
2203
4868
16
579
2799
1246
2690
1979
4360
4397
873
2277
2971
3854
818
4053
3509
2211
1151
705
1241
3680
2822
2049
883
1862
4574
435
3251
2708
3927
4313
823
321
3519
715
3943
2112
1682
977
1544
4170
4056
2659
560
802
1768
2474
3650
1126
309
135
3273
43
4863
3637
2955
1005
3671
17
2853
4052
1078
2209
997
3909
3696
3129
512
2369
882
2959
2967
17
3841
1082
4813
2102
4766
595
386
2193
4055
1728
1558
2498
4187
2567
1965
4919
2899
2938
4268
284
57
3060
2082
3409
3083
2310
3514
3185
1365
3062
4512
2578
4585
4736
2797
4008
595
280
384
2365
3915
4107
4953
2236
3218
3172
4603
3718
3602
3543
1165
585
2134
1396
3211
2449
21
3538
4292
2435
1791
3343
948
998
3682
2961
4738
4302
3318
1261
265
4256
2451
240
1006
2883
2772
880
562
749
1266
2613
2665
730
1750
364
485
264
232
2556
4091
1394
3611
143
3901
437
866
3029
196
389
3963
1956
1614
2834
67
4460
283
3044
2151
3237
2024
3395
4954
224
3428
758
975
4226
261
3852
2432
2063
136
3411
1915
1646
359
683
1584
1345
3364
3735
2345
542
4533
3112
435
3122
2949
3301
564
2656
4329
3996
1362
3660
3167
965
3754
812
937
3772
2827
1881
2346
1149
4329
436
498
3041
1675
2642
3887
4877
3390
760
4554
3314
772
3489
1960
1083
4735
3153
367
4811
1614
3000
2639
4583
1031
4839
4440
2603
3961
3762
2361
1001
1798
2915
1665
2739
34
204
398
3286
1013
717
2410
2702
677
2759
304
3770
1979
638
953
1367
1026
4631
3543
1900
2880
419
1486
4078
866
2023
2493
2864
4982
1431
1445
3359
4356
4356
3457
3786
265
1610
1284
2095
1732
340
4697
3758
3167
2192
324
3463
4083
1301
2569
1792
4721
4730
3600
1249
3200
2323
3666
2531
4563
4712
3833
319
1646
1127
2006
2554
4076
4497
24
4537
2352
4313
3839
64
178
3947
3082
2082
4564
2491
2358
4639
1244
690
557
4479
885
2892
1008
3997
3399
3475
1780
2650
1790
546
3411
197
3159
2161
4614
2828
1125
3072
1380
3345
1131
562
1968
4815
4685
2719